84978
80930
27259
32710
32727
76145
51313
82301
94132
15126
72848
99399
50051
5040
92170
4076
86341
24371
30060
98355
1889
3992
35400
90706
85488
29787
41380
42032
7563
95935
89836
97984
90598
20908
51071
2789
39614
33872
63811
72564
46471
84897
70535
39490
17343
84696
34170
6258
23004
95308
31134
18610
20317
69920
52997
48977
68341
19589
94202
6700
79026
69962
18007
90051
53356
63485
78847
65788
63903
96900
10222
98406
88883
18536
44627
18656
54181
7610
43916
81226
3028
7946
43036
6831
78488
20554
70307
37528
70003
21545
58760
6506
36084
8483
40320
9699
68423
52746
79897
59324
6608
19184
69045
69673
30787
53791
46965
74275
7075
86583
30305
15425
96478
59305
9630
83982
44593
22640
90284
27538
99594
43000
61136
60693
2791
57834
14184
47731
94738
1818
91686
81466
35156
9088
70231
14193
86934
78251
59680
5837
66496
12341
64122
34072
54217
8402
93447
57069
86633
92274
61431
49741
61809
40753
70703
68439
85393
21946
78977
61646
16635
79358
35122
70669
49857
75016
78689
75355
91720
32079
91620
2575
36035
67620
83033
97411
81032
66791
78851
6252
28074
95448
35799
60091
39657
94946
58607
33433
21327
27024
61625
6651
8334
2890
55067
96169
69481
66329
21362
85194
61087
75909
82461
96591
66733
62505
13942
62636
21363
89238
82869
46170
41443
2930
52281
61578
71261
71576
28625
54052
39158
6320
71239
50008
14530
79223
84218
69436
22297
5756
36648
43229
24677
5582
95266
38262
17918
38880
56410
10490
87375
52542
23002
48189
4237
85202
7254
77634
9225
72150
73851
13308
11017
42517
3123
4894
44708
91468
94785
43773
25461
68355
8881
22333
60511
27286
7434
55698
18854
78524
37799
67464
32259
56696
19398
12381
68176
11112
6997
6858
1698
11878
20673
28292
81503
17140
14986
5628
75125
12952
1067
23544
39350
30206
861
82034
69070
74939
22527
34749
79578
35672
39593
88694
16729
41605
35950
92506
77899
90453
62158
57867
3859
46296
48458
17853
68612
54542
92967
66259
80371
15921
14554
94684
27061
22284
76395
49408
41719
60295
2506
68186
43094
81101
37155
56836
52901
65272
61132
97401
62909
79580
77777
77964
16564
23077
28218
76053
42215
9694
2777
53150
98174
83092
88709
69745
18767
47370
35086
59689
97845
58637
59457
16655
94157
24348
59786
6378
30181
4508
84238
70831
88606
1893
10470
27782
90105
64940
53961
21140
18249
74982
80415
412
50409
67142
64520
41760
62948
51936
41091
21242
56081
52819
57324
4837
25661
81429
66440
1264
78148
55585
31187
66127
6147
86006
18055
88445
7913
80447
38686
45882
45846
38981
85894
50408
20956
60729
78084
59710
77744
94913
41829
30611
19521
42290
11203
23259
44014
53733
47966
93292
1743
36024
15837
48985
3597
1149
63416
35284
10581
78058
59522
59535
91757
8807
36412
79957
91623
15438
61600
43867
23515
89686
36507
20375
47104
62947
78188
51775
12039
71367
7473
80357
78903
92802
23387
92128
11516
16693
23275
34667
66015
57805
69601
23336
25810
9284
15124
51165
55524
26987
75498
79537
21015
15732
46011
95872
95052
57365
83080
51375
93038
18731
46917
13602
51723
66403
51015
8653
50651
8979
36608
89204
9151
50503
47847
21189
7540
18729
1789
94445
23350
42177
9414
43101
47738
43222
61956
50221
37538
8571
24255
96
53216
71669
21688
61409
61835
50324
87188
30507
1852
71474
78140
41249
36439
4839
41341
52631
12158
4971
9469
90078
68785
48521
28796
92662
95968
22067
10748
91679
98897
35689
10731
81288
98319
4151
44966
59209
63743
55174
13671
79084
22628
92370
56952
41539
74740
80966
11566
6417
21892
97873
21935
27651
6445
98446
52937
61992
89986
75927
13451
76154
78044
71608
9628
40711
77841
79031
60
879
77549
6295
77655
88717
84614
81755
16313
75433
90685
93130
50779
32874
14964
77451
38739
42417
27919
16604
37127
20639
81589
70986
21372
84039
67593
15741
19622
22966
71833
11335
33671
12535
85042
81222
13925
30907
15395
75083
68515
59412
32887
45910
6801
86305
43514
70688
17246
99809
61790
25004
23156
83495
86332
80698
2920
71006
7670
43968
71884
90944
8258
72369
38815
65364
71312
45052
63493
34659
71978
69986
93485
25547
36272
15341
29967
97649
80084
86055
83678
37735
52977
80091
413
88225
74246
74467
81254
25568
49176
23381
59168
46141
2017
57706
72396
23312
34990
28695
88830
57858
82288
82911
43611
38625
53943
8354
7221
75270
44386
65074
74326
95534
71181
75031
96762
4891
28241
68017
80571
16023
12399
12035
68865
85681
16096
32249
2069
37726
69104
20269
13901
99845
42795
31338
36451
12511
87785
85383
27471
50691
66714
16707
71987
68261
63853
15889
17289
89653
70792
98865
37985
28823
1819
95198
1158
13189
9313
22055
31328
46255
24394
82972
45433
17620
44515
23184
68325
46169
66934
73991
75310
97112
10024
57280
17334
24341
84898
68393
35710
51246
98893
30375
12911
83657
61839
74477
30090
30778
37958
71130
91571
53433
18114
55520
91563
92651
81013
33085
85634
94569
4416
36475
65419
27656
51288
81976
4840
15716
33163
67600
33120
96512
5205
54759
96485
92848
72838
74637
37989
93464
52606
12326
89110
86306
46770
23440
77696
1531
34919
28567
28984
73486
26943
69994
40853
13831
96187
99916
63994
46405
71993
33803
31322
83661
60410
73976
91320
79398
79593
81194
90980
76341
35877
90004
60137
26263
27105
6925
97656
77525
62983
99072
18554
93437
53382
33755
86547
32893
37524
84148
38159
66560
62301
87506
16606
15027
36444
33169
55368
63814
46335
89111
46024
62243
47992
30383
17506
86422
80963
84713
51831
68104
8648
81221
47601
82411
75525
20185
82629
82334
93346
76713
59953
30288
28115
80806
78391
62181
11994
44494
4862
86016
94699
78103
32358
80926
72221
27869
93031
87436
6407
77831
93182
73916
61503
77795
47385
65125
3059
74181
64667
17759
72071
69647
81544
88861
42811
59696
423
40210
19458
78661
12448
26242
97293
6770
34320
10877
52393
42064
27314
76604
60070
72230
59950
11070
62346
46822
51303
35075
15361
91755
54219
2593
6979
53397
1201
95868
73986
28698
83282
68746
56276
74715
98463
76890
50955
31052
17743
54138
8731
33181
23731
97872
50593
21875
38777
75974
96994
12688
70186
22752
31560
30033
59763
72047
84114
52692
75020
94942
8003
16464
11653
86157
20166
14628
58364
98371
60060
77136
59596
38283
90554
34610
84387
68078
48275
82703
26461
29289
61146
19718
72698
52268
64575
23780
210
48514
30634
96560
6762
10946
17560
42864
38231
54227
91211
20203
70544
56148
25524
36031
31609
3625
46352
59801
18649
34932
50658
47536
83851
29690
57475
47700
79466
82456
69128
71898
83166
49922
22498
36650
70164
20179
80694
91607
38205
18517
25645
5075
25992
30147
803
46440
62066
87264
22865
69985
3605
41708
7838
57062
62528
28611
40390
73539
48517
3587
21781
14265
75684
2809
13017
58054
51934
44
94474
16678
22950
34901
67404
73206
15113
99398
31974
21585
31067
82964
15043
42462
14235
75649
32248
92753
76293
29931
34622
51116
48360
98847
1790
49592
43627
80446
87012
16774
77075
6106
87623
26606
99522
7506
94478
72457
67015
52599
91844
83159
80172
94989
5874
88602
85785
85132
55305
16764
50223
67609
28872
26402
1994
86314
36735
69102
99162
3194
29621
39832
79225
96575
24054
66751
76182
43108
50589
62024
1843
22396
54729
98880
87774
33138
57295
73888
80875
73042
37414
42531
93341
99498
82367
66119
82642
34460
57691
33842
3535
91002
77583
61939
89265
98789
16210
84774
3273
45894
81872
40817
16217
16225
77332
78956
44291
83563
52388
87859
73225
99810
58277
52627
95633
66648
7043
58987
62380
77386
59587
4684
33515
12790
67201
68485
9490
54197
86775
11262
11958
64675
95579
97011
98292
50595
70353
12437
28849
73261
16164
29508
61623
80553
94866
79640
66042
71590
23389
67631
93435
62892
49249
83273
37080
13868
18357
72902
59125
80320
98103
34029
74621
71253
1421
15758
46907
37372
33804
77736
60719
69700
85554
14240
99790
43034
63593
41800
88222
29909
54587
91734
41604
64521
43398
15541
21080
52172
9164
71597
66876
30291
35769
22654
17293
2651
66030
26312
13347
99588
92528
10541
63227
81696
85797
34034
94959
91741
71738
73364
54918
60466
18874
15149
18154
27648
73305
91387
84714
90272
60031
51220
6465
49071
29350
70552
86034
63800
11938
49323
14270
62139
42841
70726
58130
84041
45158
60219
56875
40350
66655
58545
94561
67568
54741
34119
17746
99628
77458
37070
87574
39701
12950
72739
61341
6764
97767
70868
59589
26613
58639
37633
13115
61290
19318
37098
57866
16293
55395
19850
21043
78775
87846
20387
44362
78597
88064
42170
60856
56771
98144
76688
48161
33136
52802
32554
40894
87871
75862
8999
76804
17221
6196
69528
17191
70827
56805
19171
78031
13865
90560
80864
81934
92070
84391
32006
92093
3560
89622
49792
35172
80350
27194
87416
11665
84129
76241
88549
59677
73366
80951
59304
86603
31173
69120
25472
31950
97533
58884
28026
11856
82091
96658
89128
69632
60874
39120
70173
87217
18742
71952
98933
21586
3730
6871
11922
26883
89141
20352
85525
80204
17595
18210
86825
95245
79066
18383
65064
93831
19975
94117
37706
59378
88190
37291
60972
60012
68050
68428
30539
70368
43449
2913
24764
58992
29081
7240
83215
11570
51656
23197
42233
21121
7077
2173
31486
10514
57926
64503
83023
76404
38110
92524
41914
46950
98492
91024
3812
85640
73511
90815
21090
2002
91550
57093
68405
49402
29422
83640
70965
4055
33233
10266
27418
9271
35919
81233
18802
61971
18388
9984
89280
98202
99264
70505
67137
64641
2055
57334
50192
97478
73875
95232
90735
123
31846
74148
41687
74547
59058
20675
51872
29698
87054
37637
60089
75677
48628
56395
6161
11705
45644
76551
11170
4850
55278
56483
85358
48301
80430
51933
94113
25905
20353
37502
81557
94598
53113
40421
53228
77197
7313
99885
44782
51036
37665
49314
80766
78365
56424
37338
21752
36906
44581
77236
91185
67941
79955
95339
93070
50860
98001
7334
10207
69997
17639
82505
57916
10533
68145
81107
71931
44558
83686
28044
16395
3539
44629
5500
3227
64043
93997
29313
57549
82995
48277
37222
50228
71016
9863
35360
71113
74286
31670
32226
9184
90988
84651
37994
1899
37890
78678
17993
8312
73172
70939
27239
40645
59274
32440
5506
66451
69719
92751
21665
65774
14810
7729
72045
97817
34125
70301
97344
67571
40540
82597
97211
46301
8626
34503
73178
34654
60929
47132
16728
84735
99510
98629
97849
34782
75964
66522
66810
37961
96893
17368
81962
49135
39798
51769
96114
97061
11530
81350
27309
27964
42920
40277
52632
23539
44057
36207
40472
5447
53545
94813
13129
28042
7666
80703
82067
60375
91729
23637
58719
88137
54436
77822
60995
25295
19696
212
17244
37714
66380
94080
34683
30498
620
61589
52251
41851
28277
12478
59422
20806
48326
84320
37454
62550
91708
6092
57839
95007
63311
35193
28942
13050
65462
14620
10203
81043
91158
58529
95654
50247
74495
57861
43096
40054
36639
15151
92977
74437
30504
47018
75518
36504
976
12421
42967
48264
45091
57554
8677
4889
98483
14433
53400
20208
15607
39164
82552
40483
19976
614
5039
16318
30435
28090
62755
63629
41217
39645
54553
73858
64375
74937
77262
60935
2010
24448
65694
4883
97284
21912
28716
56736
89818
42408
45175
99167
42252
34612
61513
1173
33828
69815
67238
67044
23619
57927
56420
26833
48669
5616
59181
5274
28980
5947
14190
29229
90023
18404
99438
76065
83122
59583
50213
20566
35239
69498
47861
42630
47106
783
2154
95803
2165
86592
66175
54946
67447
35449
27952
67486
51499
16040
1713
49797
19829
15599
90521
1389
46305
94304
70621
15755
28399
15595
4661
94024
5524
19359
52139
89055
99134
6171
58254
42456
15566
82853
67317
51373
57526
89837
38959
70995
84674
44084
33220
59409
99999
98017
56156
68706
46354
44334
99448
66424
22715
10338
76208
34286
70431
29059
63329
40035
39805
62771
79189
12230
47595
98940
45666
7340
56803
92703
71483
31308
37093
35729
58493
12428
66690
69824
1880
87345
68417
75224
71649
45061
64027
60739
9237
28724
75706
86085
97600
39764
56604
55315
98577
66140
89098
91629
48914
65871
2166
68064
42915
3195
96936
58985
51679
38942
66307
73521
93976
94949
8840
99092
41606
13035
62046
67611
92153
11018
94761
23085
54387
5290
95525
66509
48432
88626
22042
55226
5184
17435
99376
54457
40000
75406
42815
22929
19153
62555
49609
68700
17979
31430
43755
77734
33594
60110
15577
10172
4242
35029
30058
98474
54366
26131
85942
50587
42968
23644
96245
77903
99358
83670
61191
6697
47793
91468
79072
2611
52180
6155
17550
48273
